100 8.783495739721745 0.3040434369250014
101 8.701557804474971 0.7159732546943582
102 8.619619869228199 1.127903072463715
103 8.537681933981425 1.5398328902330718
104 8.45574399873465 1.9517627080024285
105 8.373806063487876 2.3636925257717856
106 8.291868128241102 2.775622343541142
107 8.20993019299433 3.187552161310499
108 7.998539551798467 3.6421978062102562
109 7.765200053930235 3.9914150433773257
110 7.531860556062002 4.340632280544394
111 7.298521058193769 4.689849517711464
112 7.065181560325536 5.039066754878533
113 6.831842062457303 5.3882839920456025
114 6.5985025645890705 5.737501229212671
115 6.365163066720838 6.08671846637974
116 5.995878224055464 6.42586057610533
117 5.646660986888396 6.659200073973563
118 5.297443749721326 6.892539571841795
119 4.948226512554257 7.125879069710028
120 4.599009275387188 7.359218567578261
121 4.24979203822012 7.592558065446494
122 3.9005748010530503 7.825897563314727
123 3.5513575638859813 8.05923706118296
124 3.080398789471466 8.231244323859544
125 2.6684689717021097 8.313182259106318
126 2.256539153932753 8.395120194353092
127 1.844609336163396 8.477058129599866
128 1.4326795183940393 8.558996064846639
129 1.0207497006246822 8.640934000093413
130 0.6088198828553257 8.722871935340187
131 0.19689006508596885 8.804809870586961
132 -0.30404343692500085 8.783495739721745
133 -0.7159732546943577 8.701557804474971
134 -1.1279030724637145 8.619619869228199
135 -1.5398328902330713 8.537681933981425
136 -1.951762708002428 8.45574399873465
137 -2.363692525771785 8.373806063487876
138 -2.7756223435411416 8.291868128241102
139 -3.1875521613104985 8.209930192994328
140 -3.642197806210256 7.998539551798467
141 -3.991415043377325 7.765200053930235
142 -4.340632280544394 7.531860556062002
143 -4.689849517711464 7.298521058193769
144 -5.039066754878532 7.065181560325536
145 -5.388283992045602 6.831842062457303
146 -5.73750122921267 6.5985025645890705
147 -6.08671846637974 6.365163066720838
148 -6.42586057610533 5.995878224055464
149 -6.659200073973563 5.646660986888396
150 -6.892539571841795 5.297443749721326
151 -7.125879069710028 4.948226512554258
152 -7.359218567578261 4.599009275387188
153 -7.592558065446494 4.24979203822012
154 -7.825897563314727 3.9005748010530503
155 -8.05923706118296 3.551357563885982
156 -8.231244323859544 3.0803987894714666
157 -8.313182259106318 2.66846897170211
158 -8.395120194353092 2.2565391539327537
159 -8.477058129599866 1.8446093361633966
160 -8.558996064846639 1.43267951839404
161 -8.640934000093413 1.020749700624683
162 -8.722871935340187 0.6088198828553262
163 -8.804809870586961 0.19689006508596973
164 -8.783495739721745 -0.3040434369250003
165 -8.701557804474971 -0.7159732546943571
166 -8.619619869228199 -1.1279030724637138
167 -8.537681933981425 -1.5398328902330707
168 -8.45574399873465 -1.9517627080024273
169 -8.373806063487876 -2.3636925257717847
170 -8.291868128241102 -2.775622343541141
171 -8.209930192994328 -3.187552161310498
172 -7.998539551798469 -3.6421978062102554
173 -7.765200053930236 -3.991415043377325
174 -7.5318605560620036 -4.340632280544393
175 -7.298521058193771 -4.689849517711463
176 -7.065181560325538 -5.039066754878532
177 -6.831842062457305 -5.388283992045601
178 -6.598502564589072 -5.73750122921267
179 -6.365163066720839 -6.08671846637974
180 -5.995878224055465 -6.42586057610533
181 -5.646660986888397 -6.659200073973563
182 -5.297443749721328 -6.892539571841795
183 -4.948226512554259 -7.125879069710028
184 -4.599009275387189 -7.359218567578261
185 -4.24979203822012 -7.592558065446494
186 -3.900574801053051 -7.825897563314727
187 -3.5513575638859827 -8.05923706118296
188 -3.0803987894714706 -8.231244323859542
189 -2.668468971702114 -8.313182259106316
190 -2.2565391539327573 -8.39512019435309
191 -1.8446093361634006 -8.477058129599865
192 -1.432679518394044 -8.558996064846639
193 -1.020749700624687 -8.640934000093413
194 -0.6088198828553302 -8.722871935340185
195 -0.19689006508597373 -8.80480987058696
196 0.3040434369249998 -8.783495739721745
197 0.7159732546943566 -8.701557804474971
198 1.1279030724637134 -8.619619869228199
199 1.5398328902330702 -8.537681933981425
200 1.951762708002427 -8.45574399873465
201 2.363692525771784 -8.373806063487876
202 2.7756223435411402 -8.291868128241102
203 3.187552161310497 -8.209930192994328
204 3.642197806210258 -7.9985395517984665
205 3.991415043377327 -7.765200053930234
206 4.340632280544396 -7.531860556062001
207 4.6898495177114645 -7.298521058193767
208 5.039066754878534 -7.065181560325534
209 5.3882839920456025 -6.8318420624573015
210 5.737501229212672 -6.598502564589069
211 6.0867184663797405 -6.365163066720836
212 6.425860576105329 -5.995878224055465
213 6.659200073973562 -5.646660986888397
214 6.8925395718417946 -5.297443749721328
215 7.125879069710027 -4.948226512554259
216 7.35921856757826 -4.599009275387189
217 7.592558065446493 -4.24979203822012
218 7.825897563314726 -3.900574801053051
219 8.059237061182959 -3.5513575638859827
220 8.231244323859542 -3.080398789471471
221 8.313182259106316 -2.6684689717021146
222 8.39512019435309 -2.256539153932758
223 8.477058129599865 -1.844609336163401
224 8.558996064846639 -1.4326795183940444
225 8.640934000093413 -1.0207497006246875
226 8.722871935340187 -0.6088198828553306
227 8.804809870586961 -0.19689006508597418
